episode,step,max_tile,avg_max_tile,epsilon,buffer_size
1,139,128,128.000,0.9993,139
2,175,128,128.000,0.9985,314
3,229,256,170.667,0.9974,543
4,126,128,160.000,0.9968,669
5,131,64,140.800,0.9962,800
6,120,128,138.667,0.9956,920
7,110,64,128.000,0.9951,1030
8,94,64,120.000,0.9947,1124
9,96,64,113.778,0.9942,1220
10,159,128,115.200,0.9935,1379
11,127,64,110.545,0.9929,1506
12,161,128,112.000,0.9921,1667
13,111,64,108.308,0.9916,1778
14,167,128,109.714,0.9908,1945
15,245,256,119.467,0.9896,2190
16,224,256,128.000,0.9886,2414
17,344,256,135.529,0.9869,2758
18,52,32,129.778,0.9867,2810
19,120,64,126.316,0.9861,2930
20,86,64,123.200,0.9857,3016
21,131,64,120.381,0.9851,3147
22,190,128,120.727,0.9842,3337
23,130,128,121.043,0.9836,3467
24,127,128,121.333,0.9830,3594
25,165,128,121.600,0.9822,3759
26,144,128,121.846,0.9815,3903
27,79,64,119.704,0.9812,3982
28,149,128,120.000,0.9804,4131
29,132,64,118.069,0.9798,4263
30,82,64,116.267,0.9794,4345
31,125,64,114.581,0.9788,4470
32,238,256,119.000,0.9777,4708
33,206,128,119.273,0.9767,4914
34,90,64,117.647,0.9763,5004
35,94,64,116.114,0.9759,5098
36,176,128,116.444,0.9750,5274
37,134,128,116.757,0.9744,5408
38,173,128,117.053,0.9736,5581
39,175,128,117.333,0.9728,5756
40,102,64,116.000,0.9723,5858
41,121,128,116.293,0.9717,5979
42,131,128,116.571,0.9711,6110
43,151,64,115.349,0.9704,6261
44,116,64,114.182,0.9698,6377
45,63,32,112.356,0.9695,6440
46,125,64,111.304,0.9689,6565
47,135,64,110.298,0.9683,6700
48,198,128,110.667,0.9673,6898
49,126,128,111.020,0.9668,7024
50,131,128,111.360,0.9661,7155
51,147,128,111.686,0.9654,7302
52,107,64,110.769,0.9649,7409
53,307,256,113.509,0.9635,7716
54,194,128,113.778,0.9626,7910
55,207,128,114.036,0.9616,8117
56,139,128,114.286,0.9609,8256
57,86,32,112.842,0.9605,8342
58,192,128,113.103,0.9596,8534
59,157,128,113.356,0.9589,8691
60,185,128,113.600,0.9580,8876
61,160,128,113.836,0.9572,9036
62,160,64,113.032,0.9565,9196
63,229,256,115.302,0.9554,9425
64,157,128,115.500,0.9546,9582
65,186,128,115.692,0.9538,9768
66,228,256,117.818,0.9527,9996
67,138,128,117.970,0.9520,10134
68,251,256,120.000,0.9508,10385
69,127,64,119.188,0.9502,10512
70,260,256,121.143,0.9490,10772
71,131,128,121.239,0.9484,10903
72,109,64,120.444,0.9479,11012
73,119,64,119.671,0.9473,11131
74,136,128,119.784,0.9467,11267
75,172,128,119.893,0.9459,11439
76,101,128,120.000,0.9454,11540
77,184,128,120.104,0.9445,11724
78,129,64,119.385,0.9439,11853
79,138,128,119.494,0.9432,11991
80,303,256,121.200,0.9418,12294
81,148,128,121.284,0.9411,12442
82,119,64,120.585,0.9405,12561
83,132,64,119.904,0.9399,12693
84,88,64,119.238,0.9395,12781
85,224,128,119.341,0.9384,13005
86,120,64,118.698,0.9379,13125
87,158,128,118.805,0.9371,13283
88,142,128,118.909,0.9365,13425
89,223,256,120.449,0.9354,13648
90,144,128,120.533,0.9347,13792
91,90,64,119.912,0.9343,13882
92,92,64,119.304,0.9339,13974
93,163,128,119.398,0.9331,14137
94,129,128,119.489,0.9325,14266
95,216,256,120.926,0.9314,14482
96,213,256,122.333,0.9304,14695
97,154,128,122.392,0.9297,14849
98,232,128,122.449,0.9286,15081
99,200,256,123.798,0.9277,15281
100,121,128,123.840,0.9271,15402
101,261,256,125.120,0.9259,15663
102,159,128,125.120,0.9251,15822
103,223,128,123.840,0.9240,16045
104,152,128,123.840,0.9233,16197
105,130,64,123.840,0.9227,16327
106,84,64,123.200,0.9223,16411
107,89,64,123.200,0.9219,16500
108,136,128,123.840,0.9213,16636
109,171,128,124.480,0.9204,16807
110,99,64,123.840,0.9200,16906
111,208,128,124.480,0.9190,17114
112,105,64,123.840,0.9185,17219
113,287,256,125.760,0.9171,17506
114,133,64,125.120,0.9165,17639
115,187,128,123.840,0.9156,17826
116,131,128,122.560,0.9150,17957
117,122,64,120.640,0.9144,18079
118,109,128,121.600,0.9139,18188
119,230,128,122.240,0.9128,18418
120,145,128,122.880,0.9121,18563
121,165,128,123.520,0.9113,18728
122,142,128,123.520,0.9107,18870
123,155,128,123.520,0.9099,19025
124,107,64,122.880,0.9094,19132
125,142,64,122.240,0.9088,19274
126,249,256,123.520,0.9076,19523
127,153,128,124.160,0.9069,19676
128,136,128,124.160,0.9062,19812
129,126,64,124.160,0.9056,19938
130,126,128,124.800,0.9050,20064
131,154,128,125.440,0.9043,20218
132,127,128,124.160,0.9037,20345
133,170,128,124.160,0.9029,20515
134,104,64,124.160,0.9024,20619
135,146,128,124.800,0.9017,20765
136,109,64,124.160,0.9012,20874
137,158,128,124.160,0.9004,21032
138,224,256,125.440,0.8994,21256
139,126,128,125.440,0.8988,21382
140,89,64,125.440,0.8984,21471
141,98,64,124.800,0.8979,21569
142,102,64,124.160,0.8974,21671
143,122,64,124.160,0.8968,21793
144,164,128,124.800,0.8961,21957
145,90,32,124.800,0.8956,22047
146,81,64,124.800,0.8953,22128
147,91,64,124.800,0.8948,22219
148,91,64,124.160,0.8944,22310
149,143,128,124.160,0.8937,22453
150,100,64,123.520,0.8932,22553
151,95,32,122.560,0.8928,22648
152,143,128,123.200,0.8921,22791
153,110,128,121.920,0.8916,22901
154,116,64,121.280,0.8910,23017
155,108,64,120.640,0.8905,23125
156,167,128,120.640,0.8897,23292
157,107,64,120.960,0.8892,23399
158,147,128,120.960,0.8885,23546
159,184,128,120.960,0.8877,23730
160,139,128,120.960,0.8870,23869
161,112,64,120.320,0.8865,23981
162,66,64,120.320,0.8862,24047
163,59,32,118.080,0.8859,24106
164,251,256,119.360,0.8847,24357
165,168,128,119.360,0.8839,24525
166,163,128,118.080,0.8831,24688
167,83,64,117.440,0.8827,24771
168,99,64,115.520,0.8823,24870
169,101,64,115.520,0.8818,24971
170,204,128,114.240,0.8808,25175
171,321,256,115.520,0.8793,25496
172,177,128,116.160,0.8785,25673
173,155,128,116.800,0.8777,25828
174,144,128,116.800,0.8771,25972
175,214,128,116.800,0.8760,26186
176,127,64,116.160,0.8754,26313
177,165,128,116.160,0.8747,26478
178,192,128,116.800,0.8738,26670
179,100,64,116.160,0.8733,26770
180,95,64,114.240,0.8728,26865
181,117,64,113.600,0.8723,26982
182,229,256,115.520,0.8712,27211
183,130,128,116.160,0.8706,27341
184,119,64,116.160,0.8700,27460
185,83,64,115.520,0.8696,27543
186,165,128,116.160,0.8688,27708
187,86,64,115.520,0.8684,27794
188,99,64,114.880,0.8680,27893
189,91,64,112.960,0.8675,27984
190,169,128,112.960,0.8667,28153
191,147,128,113.600,0.8660,28300
192,132,128,114.240,0.8654,28432
193,68,32,113.280,0.8651,28500
194,142,128,113.280,0.8644,28642
195,173,128,112.000,0.8636,28815
196,132,64,110.080,0.8630,28947
197,50,16,108.960,0.8627,28997
198,84,64,108.320,0.8623,29081
199,228,256,108.320,0.8613,29309
200,189,128,108.320,0.8604,29498
201,118,64,106.400,0.8598,29616
202,148,128,106.400,0.8591,29764
203,112,128,106.400,0.8586,29876
204,138,64,105.760,0.8579,30014
205,150,128,106.400,0.8572,30164
206,268,256,108.320,0.8559,30432
207,136,128,108.960,0.8553,30568
208,248,256,110.240,0.8541,30816
209,114,64,109.600,0.8536,30930
210,172,128,110.240,0.8528,31102
211,158,128,110.240,0.8520,31260
212,161,128,110.880,0.8513,31421
213,90,32,108.640,0.8508,31511
214,148,64,108.640,0.8501,31659
215,87,64,108.000,0.8497,31746
216,134,128,108.000,0.8491,31880
217,146,128,108.640,0.8484,32026
218,178,128,108.640,0.8476,32204
219,99,64,108.000,0.8471,32303
220,174,128,108.000,0.8463,32477
221,116,64,107.360,0.8457,32593
222,113,64,106.720,0.8452,32706
223,114,64,106.080,0.8446,32820
224,96,64,106.080,0.8442,32916
225,136,64,106.080,0.8435,33052
226,87,64,104.160,0.8431,33139
227,161,128,104.160,0.8424,33300
228,265,256,105.440,0.8411,33565
229,187,128,106.080,0.8402,33752
230,173,128,106.080,0.8394,33925
231,122,64,105.440,0.8388,34047
232,132,64,104.800,0.8382,34179
233,172,128,104.800,0.8374,34351
234,147,128,105.440,0.8367,34498
235,143,128,105.440,0.8360,34641
236,204,128,106.080,0.8351,34845
237,159,128,106.080,0.8343,35004
238,174,128,104.800,0.8335,35178
239,96,64,104.160,0.8330,35274
240,135,128,104.800,0.8324,35409
241,184,128,105.440,0.8315,35593
242,131,128,106.080,0.8309,35724
243,140,128,106.720,0.8302,35864
244,139,128,106.720,0.8296,36003
245,165,128,107.680,0.8288,36168
246,80,64,107.680,0.8284,36248
247,102,64,107.680,0.8279,36350
248,180,128,108.320,0.8271,36530
249,111,64,107.680,0.8266,36641
250,146,128,108.320,0.8259,36787
251,122,64,108.640,0.8253,36909
252,131,128,108.640,0.8247,37040
253,137,128,108.640,0.8240,37177
254,191,128,109.280,0.8231,37368
255,101,64,109.280,0.8226,37469
256,208,128,109.280,0.8217,37677
257,102,64,109.280,0.8212,37779
258,126,128,109.280,0.8206,37905
259,172,128,109.280,0.8198,38077
260,79,64,108.640,0.8194,38156
261,163,128,109.280,0.8186,38319
262,177,128,109.920,0.8178,38496
263,232,256,112.160,0.8167,38728
264,181,128,110.880,0.8158,38909
265,171,128,110.880,0.8150,39080
266,114,64,110.240,0.8145,39194
267,157,128,110.880,0.8137,39351
268,93,64,110.880,0.8133,39444
269,77,32,110.560,0.8129,39521
270,73,32,109.600,0.8126,39594
271,110,64,107.680,0.8121,39704
272,151,128,107.680,0.8113,39855
273,126,64,107.040,0.8107,39981
274,116,64,106.400,0.8102,40097
275,111,64,105.760,0.8097,40208
276,68,32,105.440,0.8094,40276
277,101,64,104.800,0.8089,40377
278,169,64,104.160,0.8081,40546
279,156,128,104.800,0.8073,40702
280,192,128,105.440,0.8064,40894
281,146,128,106.080,0.8057,41040
282,140,128,104.800,0.8051,41180
283,125,64,104.160,0.8045,41305
284,121,64,104.160,0.8039,41426
285,98,64,104.160,0.8034,41524
286,107,64,103.520,0.8029,41631
287,128,128,104.160,0.8023,41759
288,148,128,104.800,0.8016,41907
289,108,128,105.440,0.8011,42015
290,178,128,105.440,0.8003,42193
291,117,64,104.800,0.7997,42310
292,113,64,104.160,0.7992,42423
293,120,128,105.120,0.7986,42543
294,250,256,106.400,0.7974,42793
295,200,256,107.680,0.7965,42993
296,93,64,107.680,0.7960,43086
297,120,64,108.160,0.7955,43206
298,105,64,108.160,0.7950,43311
299,159,128,106.880,0.7942,43470
300,141,64,106.240,0.7936,43611
301,182,128,106.880,0.7927,43793
302,111,64,106.240,0.7922,43904
303,133,128,106.240,0.7915,44037
304,151,128,106.880,0.7908,44188
305,197,256,108.160,0.7899,44385
306,163,128,106.880,0.7891,44548
307,183,128,106.880,0.7883,44731
308,160,128,105.600,0.7875,44891
309,143,128,106.240,0.7868,45034
310,161,128,106.240,0.7861,45195
311,167,128,106.240,0.7853,45362
312,122,64,105.600,0.7847,45484
313,145,128,106.560,0.7840,45629
314,133,64,106.560,0.7834,45762
315,102,64,106.560,0.7829,45864
316,143,64,105.920,0.7822,46007
317,93,64,105.280,0.7818,46100
318,143,128,105.280,0.7811,46243
319,101,64,105.280,0.7806,46344
320,139,128,105.280,0.7800,46483
321,131,64,105.280,0.7793,46614
322,198,256,107.200,0.7784,46812
323,145,128,107.840,0.7777,46957
324,112,64,107.840,0.7772,47069
325,96,64,107.840,0.7767,47165
326,100,64,107.840,0.7763,47265
327,163,128,107.840,0.7755,47428
328,89,64,105.920,0.7751,47517
329,91,64,105.280,0.7746,47608
330,75,32,104.320,0.7743,47683
331,187,128,104.960,0.7734,47870
332,96,64,104.960,0.7729,47966
333,159,128,104.960,0.7722,48125
334,219,128,104.960,0.7712,48344
335,121,64,104.320,0.7706,48465
336,157,128,104.320,0.7698,48622
337,139,128,104.320,0.7692,48761
338,209,128,104.320,0.7682,48970
339,73,64,104.320,0.7679,49043
340,105,128,104.320,0.7674,49148
341,114,64,103.680,0.7668,49262
342,83,64,103.040,0.7664,49345
343,179,128,103.040,0.7656,49524
344,114,64,102.400,0.7650,49638
345,86,64,101.760,0.7646,49724
346,161,128,102.400,0.7639,49885
347,168,128,103.040,0.7631,50053
348,150,128,103.040,0.7624,50203
349,135,128,103.680,0.7617,50338
350,90,64,103.040,0.7613,50428
351,187,128,103.680,0.7604,50615
352,87,64,103.040,0.7600,50702
353,168,128,103.040,0.7592,50870
354,193,128,103.040,0.7583,51063
355,90,64,103.040,0.7579,51153
356,138,128,103.040,0.7572,51291
357,169,128,103.680,0.7564,51460
358,139,64,103.040,0.7558,51599
359,67,32,102.080,0.7554,51666
360,169,128,102.720,0.7546,51835
361,76,64,102.080,0.7543,51911
362,158,128,102.080,0.7535,52069
363,185,128,100.800,0.7527,52254
364,153,128,100.800,0.7519,52407
365,147,128,100.800,0.7512,52554
366,183,128,101.440,0.7504,52737
367,168,128,101.440,0.7496,52905
368,185,128,102.080,0.7487,53090
369,123,128,103.040,0.7481,53213
370,250,256,105.280,0.7469,53463
371,159,128,105.920,0.7462,53622
372,91,64,105.280,0.7457,53713
373,203,128,105.920,0.7448,53916
374,223,128,106.560,0.7437,54139
375,207,128,107.200,0.7427,54346
376,90,64,107.520,0.7423,54436
377,152,128,108.160,0.7416,54588
378,109,64,108.160,0.7411,54697
379,114,64,107.520,0.7405,54811
380,97,64,106.880,0.7401,54908
381,150,128,106.880,0.7394,55058
382,157,128,106.880,0.7386,55215
383,220,128,107.520,0.7376,55435
384,140,128,108.160,0.7369,55575
385,84,64,108.160,0.7365,55659
386,195,256,110.080,0.7356,55854
387,126,128,110.080,0.7350,55980
388,45,16,108.960,0.7348,56025
389,98,64,108.320,0.7343,56123
390,123,128,108.320,0.7338,56246
391,90,64,108.320,0.7333,56336
392,129,128,108.960,0.7327,56465
393,86,64,108.320,0.7323,56551
394,207,256,108.320,0.7313,56758
395,120,64,106.400,0.7308,56878
396,192,128,107.040,0.7299,57070
397,145,128,107.680,0.7292,57215
398,89,32,107.360,0.7287,57304
399,179,128,107.360,0.7279,57483
400,97,64,107.360,0.7274,57580
401,168,128,107.360,0.7266,57748
402,131,64,107.360,0.7260,57879
403,78,32,106.400,0.7257,57957
404,146,128,106.400,0.7250,58103
405,234,128,105.120,0.7239,58337
406,122,128,105.120,0.7233,58459
407,217,256,106.400,0.7223,58676
408,106,64,105.760,0.7218,58782
409,186,128,105.760,0.7209,58968
410,93,64,105.120,0.7204,59061
411,125,128,105.120,0.7198,59186
412,266,256,107.040,0.7186,59452
413,123,64,106.400,0.7180,59575
414,125,128,107.040,0.7174,59700
415,88,64,107.040,0.7170,59788
416,87,64,107.040,0.7166,59875
417,187,128,107.680,0.7157,60062
418,65,64,107.040,0.7154,60127
419,153,128,107.680,0.7147,60280
420,269,256,108.960,0.7134,60549
421,237,256,110.880,0.7123,60786
422,196,128,109.600,0.7113,60982
423,176,128,109.600,0.7105,61158
424,145,128,110.240,0.7098,61303
425,200,128,110.880,0.7089,61503
426,249,256,112.800,0.7077,61752
427,136,128,112.800,0.7070,61888
428,73,64,112.800,0.7067,61961
429,145,128,113.440,0.7060,62106
430,175,128,114.400,0.7052,62281
431,135,128,114.400,0.7045,62416
432,90,64,114.400,0.7041,62506
433,102,64,113.760,0.7036,62608
434,139,64,113.120,0.7030,62747
435,102,64,113.120,0.7025,62849
436,152,128,113.120,0.7018,63001
437,114,128,113.120,0.7012,63115
438,240,128,113.120,0.7001,63355
439,154,128,113.760,0.6994,63509
440,143,64,113.120,0.6987,63652
441,73,32,112.800,0.6984,63725
442,77,64,112.800,0.6980,63802
443,176,128,112.800,0.6972,63978
444,143,128,113.440,0.6965,64121
445,159,128,114.080,0.6957,64280
446,229,256,115.360,0.6946,64509
447,92,64,114.720,0.6942,64601
448,166,128,114.720,0.6934,64767
449,106,128,114.720,0.6929,64873
450,117,128,115.360,0.6924,64990
451,146,128,115.360,0.6917,65136
452,139,128,116.000,0.6910,65275
453,136,64,115.360,0.6904,65411
454,185,128,115.360,0.6895,65596
455,154,128,116.000,0.6888,65750
456,180,128,116.000,0.6879,65930
457,146,128,116.000,0.6872,66076
458,251,256,117.920,0.6860,66327
459,118,128,118.880,0.6855,66445
460,135,64,118.240,0.6848,66580
461,166,128,118.880,0.6841,66746
462,163,128,118.880,0.6833,66909
463,109,64,118.240,0.6828,67018
464,221,256,119.520,0.6817,67239
465,223,256,120.800,0.6807,67462
466,198,128,120.800,0.6797,67660
467,163,128,120.800,0.6790,67823
468,61,32,119.840,0.6787,67884
469,175,128,119.840,0.6778,68059
470,90,64,117.920,0.6774,68149
471,106,64,117.280,0.6769,68255
472,185,128,117.920,0.6760,68440
473,80,32,116.960,0.6757,68520
474,77,64,116.320,0.6753,68597
475,105,64,115.680,0.6748,68702
476,103,64,115.680,0.6743,68805
477,205,128,115.680,0.6733,69010
478,99,64,115.680,0.6729,69109
479,96,64,115.680,0.6724,69205
480,134,64,115.680,0.6718,69339
481,174,128,115.680,0.6710,69513
482,126,64,115.040,0.6704,69639
483,135,64,114.400,0.6697,69774
484,136,64,113.760,0.6691,69910
485,120,64,113.760,0.6685,70030
486,64,32,111.520,0.6682,70094
487,121,128,111.520,0.6676,70215
488,127,64,112.000,0.6670,70342
489,169,128,112.640,0.6662,70511
490,168,128,112.640,0.6654,70679
491,184,128,113.280,0.6646,70863
492,186,128,113.280,0.6637,71049
493,109,64,113.280,0.6632,71158
494,137,128,112.000,0.6625,71295
495,233,256,113.920,0.6614,71528
496,179,128,113.920,0.6606,71707
497,129,64,113.280,0.6600,71836
498,164,128,114.240,0.6592,72000
499,89,64,113.600,0.6588,72089
500,150,64,113.600,0.6581,72239
