episode,step,max_tile,avg_max_tile,epsilon,buffer_size
1,91,64,64.000,0.9989,91
2,141,128,96.000,0.9972,232
3,123,64,85.333,0.9957,355
4,102,64,80.000,0.9945,457
5,126,64,76.800,0.9929,583
6,168,128,85.333,0.9909,751
7,152,128,91.429,0.9891,903
8,138,128,96.000,0.9874,1041
9,160,128,99.556,0.9855,1201
10,199,128,102.400,0.9830,1400
11,189,128,104.727,0.9808,1589
12,63,32,98.667,0.9800,1652
13,183,128,100.923,0.9778,1835
14,72,32,96.000,0.9769,1907
15,86,64,93.867,0.9759,1993
16,179,128,96.000,0.9737,2172
17,137,64,94.118,0.9720,2309
18,125,128,96.000,0.9705,2434
19,145,128,97.684,0.9688,2579
20,97,64,96.000,0.9676,2676
21,133,128,97.524,0.9660,2809
22,50,16,93.818,0.9654,2859
23,104,64,92.522,0.9641,2963
24,127,128,94.000,0.9626,3090
25,206,256,100.480,0.9601,3296
26,130,128,101.538,0.9585,3426
27,148,128,102.519,0.9567,3574
28,173,128,103.429,0.9546,3747
29,101,64,102.069,0.9534,3848
30,104,64,100.800,0.9521,3952
31,97,64,99.613,0.9510,4049
32,125,64,98.500,0.9495,4174
33,156,128,99.394,0.9476,4330
34,128,128,100.235,0.9460,4458
35,173,128,101.029,0.9439,4631
36,88,64,100.000,0.9429,4719
37,126,64,99.027,0.9413,4845
38,247,256,103.158,0.9383,5092
39,135,128,103.795,0.9367,5227
40,114,64,102.800,0.9353,5341
41,132,128,103.415,0.9337,5473
42,172,128,104.000,0.9316,5645
43,66,32,102.326,0.9308,5711
44,123,128,102.909,0.9294,5834
45,145,128,103.467,0.9276,5979
46,130,128,104.000,0.9260,6109
47,102,64,103.149,0.9248,6211
48,120,128,103.667,0.9233,6331
49,122,64,102.857,0.9219,6453
50,111,64,102.080,0.9205,6564
51,81,64,101.333,0.9195,6645
52,185,128,101.846,0.9173,6830
53,196,128,102.340,0.9149,7026
54,166,128,102.815,0.9129,7192
55,165,128,103.273,0.9109,7357
56,149,64,102.571,0.9091,7506
57,169,128,103.018,0.9071,7675
58,180,128,103.448,0.9049,7855
59,89,64,102.780,0.9038,7944
60,193,128,103.200,0.9015,8137
61,185,128,103.607,0.8992,8322
62,103,64,102.968,0.8980,8425
63,138,128,103.365,0.8963,8563
64,128,128,103.750,0.8948,8691
65,256,256,106.092,0.8917,8947
66,184,128,106.424,0.8894,9131
67,60,32,105.313,0.8887,9191
68,59,32,104.235,0.8880,9250
69,163,128,104.580,0.8860,9413
70,109,64,104.000,0.8847,9522
71,161,128,104.338,0.8828,9683
72,88,64,103.778,0.8817,9771
73,102,64,103.233,0.8805,9873
74,230,256,105.297,0.8777,10103
75,171,128,105.600,0.8756,10274
76,179,128,105.895,0.8734,10453
77,135,128,106.182,0.8718,10588
78,99,64,105.641,0.8706,10687
79,153,128,105.924,0.8687,10840
80,136,64,105.400,0.8671,10976
81,146,128,105.679,0.8653,11122
82,110,64,105.171,0.8640,11232
83,168,128,105.446,0.8620,11400
84,145,128,105.714,0.8602,11545
85,99,64,105.224,0.8590,11644
86,121,64,104.744,0.8575,11765
87,89,64,104.276,0.8565,11854
88,223,256,106.000,0.8538,12077
89,84,64,105.528,0.8528,12161
90,213,256,107.200,0.8502,12374
91,84,64,106.725,0.8492,12458
92,97,64,106.261,0.8480,12555
93,87,64,105.806,0.8469,12642
94,107,64,105.362,0.8456,12749
95,224,256,106.947,0.8429,12973
96,139,128,107.167,0.8412,13112
97,168,128,107.381,0.8392,13280
98,77,32,106.612,0.8383,13357
99,120,64,106.182,0.8368,13477
100,89,64,105.760,0.8357,13566
101,119,64,105.760,0.8343,13685
102,150,128,105.760,0.8325,13835
103,307,256,107.680,0.8288,14142
104,157,128,108.320,0.8269,14299
105,151,128,108.960,0.8250,14450
106,71,32,108.000,0.8242,14521
107,158,128,108.000,0.8223,14679
108,199,128,108.000,0.8199,14878
109,129,64,107.360,0.8183,15007
110,181,128,107.360,0.8161,15188
111,101,64,106.720,0.8149,15289
112,182,128,107.680,0.8127,15471
113,120,128,107.680,0.8112,15591
114,113,64,108.000,0.8099,15704
115,131,128,108.640,0.8083,15835
116,104,64,108.000,0.8070,15939
117,164,128,108.640,0.8050,16103
118,180,128,108.640,0.8028,16283
119,187,256,109.920,0.8006,16470
120,138,128,110.560,0.7989,16608
121,99,64,109.920,0.7977,16707
122,249,256,112.320,0.7947,16956
123,165,128,112.960,0.7927,17121
124,87,64,112.320,0.7916,17208
125,137,128,111.040,0.7900,17345
126,101,64,110.400,0.7888,17446
127,218,128,110.400,0.7861,17664
128,95,64,109.760,0.7850,17759
129,109,128,110.400,0.7836,17868
130,125,64,110.400,0.7821,17993
131,166,128,111.040,0.7801,18159
132,159,128,111.680,0.7782,18318
133,77,64,111.040,0.7773,18395
134,106,64,110.400,0.7760,18501
135,102,64,109.760,0.7748,18603
136,128,128,110.400,0.7732,18731
137,177,128,111.040,0.7711,18908
138,128,128,109.760,0.7695,19036
139,154,128,109.760,0.7676,19190
140,110,64,109.760,0.7663,19300
141,249,256,111.040,0.7633,19549
142,143,128,111.040,0.7616,19692
143,188,128,112.000,0.7593,19880
144,161,128,112.000,0.7573,20041
145,181,128,112.000,0.7551,20222
146,150,128,112.000,0.7533,20372
147,70,32,111.680,0.7525,20442
148,110,64,111.040,0.7512,20552
149,118,128,111.680,0.7497,20670
150,112,64,111.680,0.7484,20782
151,178,128,112.320,0.7462,20960
152,73,32,111.360,0.7453,21033
153,128,64,110.720,0.7438,21161
154,159,128,110.720,0.7419,21320
155,135,64,110.080,0.7402,21455
156,131,128,110.720,0.7386,21586
157,178,128,110.720,0.7365,21764
158,86,32,109.760,0.7354,21850
159,103,64,109.760,0.7342,21953
160,210,256,111.040,0.7316,22163
161,191,128,111.040,0.7293,22354
162,186,128,111.680,0.7271,22540
163,98,64,111.040,0.7259,22638
164,171,128,111.040,0.7238,22809
165,170,64,109.120,0.7218,22979
166,145,128,109.120,0.7200,23124
167,260,256,111.360,0.7169,23384
168,72,32,111.360,0.7160,23456
169,143,128,111.360,0.7143,23599
170,128,128,112.000,0.7127,23727
171,135,64,111.360,0.7111,23862
172,95,64,111.360,0.7099,23957
173,158,128,112.000,0.7080,24115
174,228,128,110.720,0.7052,24343
175,98,64,110.080,0.7041,24441
176,79,32,109.120,0.7031,24520
177,131,128,109.120,0.7015,24651
178,109,64,109.120,0.7002,24760
179,106,64,108.480,0.6989,24866
180,108,64,108.480,0.6976,24974
181,122,128,108.480,0.6961,25096
182,118,64,108.480,0.6947,25214
183,154,128,108.480,0.6928,25368
184,153,128,108.480,0.6910,25521
185,174,128,109.120,0.6889,25695
186,158,128,109.760,0.6870,25853
187,139,128,110.400,0.6853,25992
188,96,64,108.480,0.6841,26088
189,83,64,108.480,0.6831,26171
190,182,128,107.200,0.6809,26353
191,120,64,107.200,0.6795,26473
192,149,128,107.840,0.6777,26622
193,203,256,109.760,0.6752,26825
194,149,128,110.400,0.6734,26974
195,87,64,108.480,0.6723,27061
196,60,32,107.520,0.6716,27121
197,146,128,107.520,0.6698,27267
198,142,128,108.480,0.6681,27409
199,174,128,109.120,0.6660,27583
200,96,64,109.120,0.6649,27679
201,138,128,109.760,0.6632,27817
202,224,128,109.760,0.6605,28041
203,91,64,107.840,0.6594,28132
204,146,128,107.840,0.6576,28278
205,128,128,107.840,0.6561,28406
206,105,64,108.160,0.6548,28511
207,173,128,108.160,0.6527,28684
208,172,128,108.160,0.6506,28856
209,225,128,108.800,0.6479,29081
210,126,128,108.800,0.6464,29207
211,134,128,109.440,0.6447,29341
212,163,128,109.440,0.6428,29504
213,167,128,109.440,0.6407,29671
214,192,128,110.080,0.6384,29863
215,165,128,110.080,0.6364,30028
216,170,128,110.720,0.6344,30198
217,213,256,112.000,0.6318,30411
218,129,64,111.360,0.6302,30540
219,135,128,110.080,0.6286,30675
220,154,128,110.080,0.6267,30829
221,175,128,110.720,0.6246,31004
222,175,128,109.440,0.6225,31179
223,93,64,108.800,0.6214,31272
224,97,64,108.800,0.6202,31369
225,184,128,108.800,0.6179,31553
226,171,128,109.440,0.6159,31724
227,116,128,109.440,0.6145,31840
228,53,32,109.120,0.6138,31893
229,239,256,110.400,0.6109,32132
230,196,128,111.040,0.6086,32328
231,130,64,110.400,0.6070,32458
232,164,128,110.400,0.6050,32622
233,121,64,110.400,0.6035,32743
234,134,128,111.040,0.6019,32877
235,105,128,111.680,0.6006,32982
236,149,128,111.680,0.5988,33131
237,175,128,111.680,0.5967,33306
238,79,32,110.720,0.5958,33385
239,137,128,110.720,0.5941,33522
240,123,64,110.720,0.5926,33645
241,240,256,110.720,0.5897,33885
242,81,64,110.080,0.5887,33966
243,167,128,110.080,0.5867,34133
244,247,256,111.360,0.5837,34380
245,119,128,111.360,0.5823,34499
246,163,128,111.360,0.5803,34662
247,164,256,113.600,0.5783,34826
248,125,128,114.240,0.5768,34951
249,236,256,115.520,0.5739,35187
250,158,128,116.160,0.5720,35345
251,119,64,115.520,0.5706,35464
252,120,64,115.840,0.5691,35584
253,133,64,115.840,0.5675,35717
254,200,128,115.840,0.5651,35917
255,102,64,115.840,0.5639,36019
256,202,128,115.840,0.5614,36221
257,79,64,115.200,0.5605,36300
258,131,128,116.160,0.5589,36431
259,46,32,115.840,0.5583,36477
260,116,128,114.560,0.5569,36593
261,149,128,114.560,0.5551,36742
262,170,128,114.560,0.5531,36912
263,169,128,115.200,0.5510,37081
264,107,128,115.200,0.5497,37188
265,96,64,115.200,0.5486,37284
266,118,64,114.560,0.5471,37402
267,205,256,114.560,0.5446,37607
268,186,128,115.520,0.5424,37793
269,146,128,115.520,0.5406,37939
270,165,128,115.520,0.5386,38104
271,210,128,116.160,0.5361,38314
272,210,128,116.800,0.5335,38524
273,172,128,116.800,0.5315,38696
274,110,64,116.160,0.5301,38806
275,168,128,116.800,0.5281,38974
276,79,64,117.120,0.5271,39053
277,100,64,116.480,0.5259,39153
278,175,128,117.120,0.5238,39328
279,90,32,116.800,0.5227,39418
280,87,64,116.800,0.5217,39505
281,82,64,116.160,0.5207,39587
282,230,256,118.080,0.5179,39817
283,258,256,119.360,0.5148,40075
284,199,256,120.640,0.5124,40274
285,93,64,120.000,0.5112,40367
286,154,128,120.000,0.5094,40521
287,187,128,120.000,0.5071,40708
288,66,32,119.680,0.5063,40774
289,274,256,121.600,0.5030,41048
290,170,128,121.600,0.5009,41218
291,126,128,122.240,0.4994,41344
292,190,256,123.520,0.4971,41534
293,143,128,122.240,0.4954,41677
294,141,64,121.600,0.4937,41818
295,140,128,122.240,0.4920,41958
296,125,128,123.200,0.4904,42083
297,172,128,123.200,0.4884,42255
298,82,64,122.560,0.4874,42337
299,412,512,126.400,0.4824,42749
300,190,128,127.040,0.4801,42939
301,171,128,127.040,0.4780,43110
302,157,128,127.040,0.4761,43267
303,148,64,127.040,0.4743,43415
304,129,64,126.400,0.4728,43544
305,233,256,127.680,0.4699,43777
306,91,64,127.680,0.4688,43868
307,151,128,127.680,0.4670,44019
308,95,64,127.040,0.4659,44114
309,221,256,128.320,0.4632,44335
310,149,128,128.320,0.4614,44484
311,147,128,128.320,0.4596,44631
312,187,128,128.320,0.4573,44818
313,257,256,129.600,0.4542,45075
314,225,256,130.880,0.4515,45300
315,137,128,130.880,0.4498,45437
316,195,128,130.880,0.4475,45632
317,138,128,129.600,0.4458,45770
318,220,256,131.520,0.4431,45990
319,231,256,132.800,0.4403,46221
320,159,128,132.800,0.4384,46380
321,200,128,132.800,0.4360,46580
322,196,128,132.800,0.4336,46776
323,89,64,132.800,0.4325,46865
324,233,128,133.440,0.4297,47098
325,178,128,133.440,0.4276,47276
326,233,256,134.720,0.4247,47509
327,82,64,134.080,0.4238,47591
328,149,128,135.040,0.4220,47740
329,104,128,133.760,0.4207,47844
330,171,128,133.760,0.4186,48015
331,212,128,134.400,0.4161,48227
332,176,128,134.400,0.4139,48403
333,142,64,134.400,0.4122,48545
334,148,64,133.760,0.4104,48693
335,133,128,133.760,0.4088,48826
336,174,128,133.760,0.4067,49000
337,173,128,133.760,0.4046,49173
338,113,64,134.080,0.4032,49286
339,211,128,134.080,0.4007,49497
340,198,128,134.720,0.3983,49695
341,146,128,133.440,0.3965,49841
342,93,64,133.440,0.3954,49934
343,183,128,133.440,0.3932,50117
344,168,128,132.160,0.3911,50285
345,205,128,132.160,0.3887,50490
346,112,64,131.520,0.3873,50602
347,170,128,130.240,0.3852,50772
348,125,64,129.600,0.3837,50897
349,131,64,127.680,0.3821,51028
350,188,128,127.680,0.3799,51216
351,137,128,128.320,0.3782,51353
352,141,128,128.960,0.3765,51494
353,161,128,129.600,0.3745,51655
354,197,128,129.600,0.3722,51852
355,157,128,130.240,0.3703,52009
356,289,256,131.520,0.3668,52298
357,119,64,131.520,0.3653,52417
358,203,128,131.520,0.3629,52620
359,220,128,132.480,0.3602,52840
360,131,64,131.840,0.3586,52971
361,148,128,131.840,0.3568,53119
362,181,128,131.840,0.3546,53300
363,168,128,131.840,0.3526,53468
364,87,64,131.200,0.3515,53555
365,243,256,133.120,0.3486,53798
366,192,128,133.760,0.3463,53990
367,162,128,132.480,0.3443,54152
368,137,128,132.480,0.3427,54289
369,142,128,132.480,0.3409,54431
370,169,128,132.480,0.3389,54600
371,178,128,132.480,0.3367,54778
372,93,64,131.840,0.3356,54871
373,117,64,131.200,0.3342,54988
374,160,128,131.840,0.3323,55148
375,129,64,131.200,0.3307,55277
376,161,128,131.840,0.3287,55438
377,191,128,132.480,0.3264,55629
378,111,64,131.840,0.3251,55740
379,163,128,132.800,0.3231,55903
380,232,128,133.440,0.3203,56135
381,218,128,134.080,0.3177,56353
382,154,64,132.160,0.3158,56507
383,218,128,130.880,0.3132,56725
384,153,128,129.600,0.3113,56878
385,243,256,131.520,0.3084,57121
386,123,128,131.520,0.3069,57244
387,65,32,130.560,0.3061,57309
388,151,128,131.520,0.3043,57460
389,155,128,130.240,0.3024,57615
390,337,256,131.520,0.2983,57952
391,194,128,131.520,0.2960,58146
392,188,128,130.240,0.2937,58334
393,128,64,129.600,0.2921,58462
394,197,128,130.240,0.2897,58659
395,205,128,130.240,0.2873,58864
396,193,128,130.240,0.2849,59057
397,192,128,130.240,0.2826,59249
398,177,128,130.880,0.2805,59426
399,166,128,127.040,0.2784,59592
400,289,256,128.320,0.2749,59881
401,305,256,129.600,0.2713,60186
402,69,32,128.640,0.2704,60255
403,171,128,129.280,0.2683,60426
404,225,128,129.920,0.2656,60651
405,182,128,128.640,0.2634,60833
406,119,64,128.640,0.2620,60952
407,301,256,129.920,0.2583,61253
408,201,128,130.560,0.2559,61454
409,240,128,129.280,0.2530,61694
410,155,128,129.280,0.2511,61849
411,124,128,129.280,0.2496,61973
412,205,128,129.280,0.2471,62178
413,193,128,128.000,0.2448,62371
414,253,256,128.000,0.2417,62624
415,337,128,128.000,0.2377,62961
416,211,128,128.000,0.2351,63172
417,222,256,129.280,0.2324,63394
418,153,128,128.000,0.2306,63547
419,95,64,126.080,0.2294,63642
420,225,128,126.080,0.2267,63867
421,269,128,126.080,0.2234,64136
422,219,128,126.080,0.2208,64355
423,198,128,126.720,0.2184,64553
424,190,128,126.720,0.2161,64743
425,78,64,126.080,0.2151,64821
426,393,256,126.080,0.2104,65214
427,96,64,126.080,0.2092,65310
428,148,128,126.080,0.2074,65458
429,159,128,126.080,0.2055,65617
430,171,128,126.080,0.2034,65788
431,200,128,126.080,0.2010,65988
432,175,128,126.080,0.1989,66163
433,238,128,126.720,0.1960,66401
434,188,128,127.360,0.1937,66589
435,214,128,127.360,0.1911,66803
436,102,64,126.720,0.1899,66905
437,227,128,126.720,0.1871,67132
438,129,128,127.360,0.1856,67261
439,138,128,127.360,0.1839,67399
440,192,128,127.360,0.1816,67591
441,180,128,127.360,0.1794,67771
442,153,128,128.000,0.1776,67924
443,194,128,128.000,0.1752,68118
444,152,128,128.000,0.1734,68270
445,118,32,127.040,0.1719,68388
446,202,128,127.680,0.1695,68590
447,104,64,127.040,0.1682,68694
448,177,128,127.680,0.1661,68871
449,289,256,129.600,0.1626,69160
450,146,128,129.600,0.1608,69306
451,270,256,130.880,0.1576,69576
452,186,128,130.880,0.1553,69762
453,118,64,130.240,0.1539,69880
454,166,128,130.240,0.1519,70046
455,316,128,130.240,0.1480,70362
456,497,256,130.240,0.1420,70859
457,101,64,130.240,0.1408,70960
458,168,128,130.240,0.1388,71128
459,321,256,131.520,0.1349,71449
460,261,128,132.160,0.1317,71710
461,134,128,132.160,0.1301,71844
462,178,128,132.160,0.1279,72022
463,131,64,131.520,0.1264,72153
464,205,128,132.160,0.1239,72358
465,283,128,130.880,0.1204,72641
466,251,128,130.880,0.1174,72892
467,386,256,132.160,0.1127,73278
468,258,128,132.160,0.1096,73536
469,173,128,132.160,0.1075,73709
470,408,256,133.440,0.1026,74117
471,94,64,132.800,0.1014,74211
472,389,256,134.720,0.0967,74600
473,149,64,134.720,0.0949,74749
474,249,128,134.720,0.0919,74998
475,236,128,135.360,0.0890,75234
476,457,128,135.360,0.0835,75691
477,360,64,134.720,0.0792,76051
478,294,128,135.360,0.0756,76345
479,335,256,136.640,0.0715,76680
480,201,128,136.640,0.0691,76881
481,349,128,136.640,0.0649,77230
482,289,128,137.280,0.0614,77519
483,161,128,137.280,0.0594,77680
484,440,128,137.280,0.0541,78120
485,498,256,137.280,0.0500,78618
486,174,64,136.640,0.0500,78792
487,423,128,137.600,0.0500,79215
488,639,256,138.880,0.0500,79854
489,200,64,138.240,0.0500,80054
490,218,64,136.320,0.0500,80272
491,162,128,136.320,0.0500,80434
492,484,128,136.320,0.0500,80918
493,361,256,138.240,0.0500,81279
494,354,64,137.600,0.0500,81633
495,499,256,138.880,0.0500,82132
496,328,128,138.880,0.0500,82460
497,450,256,140.160,0.0500,82910
498,311,128,140.160,0.0500,83221
499,345,256,141.440,0.0500,83566
500,315,128,140.160,0.0500,83881
