episode,step,max_tile,avg_max_tile,epsilon,buffer_size
1,257,256,256.000,0.9935,257
2,123,64,160.000,0.9904,380
3,93,32,117.333,0.9881,473
4,101,64,104.000,0.9855,574
5,150,128,108.800,0.9818,724
6,104,64,101.333,0.9792,828
7,80,32,91.429,0.9771,908
8,253,256,112.000,0.9708,1161
9,97,64,106.667,0.9683,1258
10,110,64,102.400,0.9656,1368
11,139,128,104.727,0.9621,1507
12,112,64,101.333,0.9592,1619
13,142,128,103.385,0.9557,1761
14,77,64,100.571,0.9537,1838
15,72,32,96.000,0.9519,1910
16,113,64,94.000,0.9491,2023
17,169,128,96.000,0.9448,2192
18,79,64,94.222,0.9428,2271
19,99,64,92.632,0.9403,2370
20,268,256,100.800,0.9336,2638
21,82,64,99.048,0.9315,2720
22,189,128,100.364,0.9268,2909
23,124,64,98.783,0.9236,3033
24,103,64,97.333,0.9210,3136
25,175,128,98.560,0.9166,3311
26,159,128,99.692,0.9126,3470
27,216,256,105.481,0.9072,3686
28,146,64,104.000,0.9035,3832
29,281,256,109.241,0.8964,4113
30,130,64,107.733,0.8932,4243
31,137,64,106.323,0.8897,4380
32,114,128,107.000,0.8868,4494
33,98,64,105.697,0.8844,4592
34,144,128,106.353,0.8807,4736
35,121,64,105.143,0.8777,4857
36,118,64,104.000,0.8747,4975
37,105,64,102.919,0.8721,5080
38,161,128,103.579,0.8680,5241
39,128,64,102.564,0.8648,5369
40,163,128,103.200,0.8607,5532
41,137,128,103.805,0.8573,5669
42,141,128,104.381,0.8537,5810
43,118,64,103.442,0.8507,5928
44,72,64,102.545,0.8489,6000
45,88,64,101.689,0.8467,6088
46,104,64,100.870,0.8441,6192
47,156,128,101.447,0.8402,6348
48,188,128,102.000,0.8354,6536
49,128,128,102.531,0.8322,6664
50,148,128,103.040,0.8285,6812
51,177,128,103.529,0.8240,6989
52,108,64,102.769,0.8213,7097
53,153,128,103.245,0.8174,7250
54,97,64,102.519,0.8150,7347
55,171,128,102.982,0.8107,7518
56,141,128,103.429,0.8071,7659
57,161,128,103.860,0.8031,7820
58,159,128,104.276,0.7991,7979
59,268,256,106.847,0.7923,8247
60,94,64,106.133,0.7900,8341
61,85,64,105.443,0.7878,8426
62,116,128,105.806,0.7849,8542
63,193,128,106.159,0.7801,8735
64,163,128,106.500,0.7759,8898
65,130,64,105.846,0.7727,9028
66,141,128,106.182,0.7691,9169
67,186,128,106.507,0.7644,9355
68,134,128,106.824,0.7611,9489
69,129,64,106.203,0.7578,9618
70,125,128,106.514,0.7547,9743
71,131,64,105.915,0.7514,9874
72,211,128,106.222,0.7461,10085
73,142,128,106.521,0.7425,10227
74,132,128,106.811,0.7392,10359
75,134,64,106.240,0.7358,10493
76,153,128,106.526,0.7319,10646
77,106,64,105.974,0.7293,10752
78,155,128,106.256,0.7254,10907
79,142,64,105.722,0.7218,11049
80,124,128,106.000,0.7187,11173
81,140,64,105.481,0.7151,11313
82,157,128,105.756,0.7112,11470
83,109,64,105.253,0.7084,11579
84,142,128,105.524,0.7049,11721
85,177,128,105.788,0.7004,11898
86,119,64,105.302,0.6974,12017
87,138,64,104.828,0.6939,12155
88,88,64,104.364,0.6917,12243
89,74,32,103.551,0.6899,12317
90,151,128,103.822,0.6861,12468
91,171,128,104.088,0.6817,12639
92,129,64,103.652,0.6785,12768
93,82,32,102.882,0.6764,12850
94,152,64,102.468,0.6726,13002
95,186,128,102.737,0.6679,13188
96,132,64,102.333,0.6646,13320
97,206,128,102.598,0.6594,13526
98,67,32,101.878,0.6577,13593
99,99,64,101.495,0.6552,13692
100,169,128,101.760,0.6510,13861
101,207,128,100.480,0.6458,14068
102,213,128,101.120,0.6404,14281
103,121,64,101.440,0.6374,14402
104,87,32,101.120,0.6352,14489
105,94,64,100.480,0.6328,14583
106,238,256,102.400,0.6268,14821
107,229,256,104.640,0.6210,15050
108,99,32,102.400,0.6185,15149
109,120,64,102.400,0.6155,15269
110,145,128,103.040,0.6119,15414
111,215,128,103.040,0.6065,15629
112,191,128,103.680,0.6017,15820
113,111,64,103.040,0.5989,15931
114,178,128,103.680,0.5944,16109
115,106,64,104.000,0.5917,16215
116,163,128,104.640,0.5876,16378
117,163,128,104.640,0.5835,16541
118,83,64,104.640,0.5814,16624
119,47,32,104.320,0.5802,16671
120,367,256,104.320,0.5710,17038
121,170,128,104.960,0.5667,17208
122,201,128,104.960,0.5616,17409
123,185,128,105.600,0.5570,17594
124,151,64,105.600,0.5532,17745
125,100,64,104.960,0.5507,17845
126,262,128,104.960,0.5441,18107
127,149,64,103.040,0.5403,18256
128,71,32,102.720,0.5385,18327
129,143,64,100.800,0.5349,18470
130,106,64,100.800,0.5323,18576
131,151,128,101.440,0.5285,18727
132,83,64,100.800,0.5264,18810
133,179,128,101.440,0.5219,18989
134,189,128,101.440,0.5171,19178
135,160,128,102.080,0.5131,19338
136,230,128,102.720,0.5073,19568
137,107,64,102.720,0.5046,19675
138,216,128,102.720,0.4991,19891
139,187,128,103.360,0.4944,20078
140,124,64,102.720,0.4913,20202
141,206,128,102.720,0.4861,20408
142,94,64,102.080,0.4838,20502
143,148,64,102.080,0.4800,20650
144,67,32,101.760,0.4783,20717
145,172,64,101.760,0.4740,20889
146,116,64,101.760,0.4711,21005
147,177,128,101.760,0.4666,21182
148,159,128,101.760,0.4626,21341
149,137,128,101.760,0.4592,21478
150,190,128,101.760,0.4544,21668
151,305,256,103.040,0.4467,21973
152,170,64,103.040,0.4424,22143
153,191,64,102.400,0.4376,22334
154,98,64,102.400,0.4352,22432
155,124,64,101.760,0.4320,22556
156,69,32,100.800,0.4303,22625
157,101,64,100.160,0.4278,22726
158,128,64,99.520,0.4245,22854
159,103,32,97.280,0.4219,22957
160,73,32,96.960,0.4201,23030
161,121,64,96.960,0.4171,23151
162,228,128,96.960,0.4113,23379
163,224,128,96.960,0.4057,23603
164,173,128,96.960,0.4013,23776
165,200,128,97.600,0.3963,23976
166,142,128,97.600,0.3927,24118
167,85,32,96.640,0.3906,24203
168,68,32,95.680,0.3889,24271
169,92,64,95.680,0.3865,24363
170,221,128,95.680,0.3810,24584
171,284,128,96.320,0.3738,24868
172,145,64,95.680,0.3702,25013
173,101,64,95.040,0.3676,25114
174,192,64,94.400,0.3628,25306
175,167,64,94.400,0.3586,25473
176,190,64,93.760,0.3538,25663
177,282,128,94.400,0.3467,25945
178,311,128,94.400,0.3389,26256
179,206,64,94.400,0.3337,26462
180,281,256,95.680,0.3266,26743
181,150,64,95.680,0.3228,26893
182,68,32,94.720,0.3211,26961
183,194,64,94.720,0.3162,27155
184,222,128,94.720,0.3106,27377
185,113,64,94.080,0.3078,27490
186,189,128,94.720,0.3030,27679
187,229,128,95.360,0.2973,27908
188,287,128,96.000,0.2900,28195
189,141,64,96.320,0.2865,28336
190,206,64,95.680,0.2813,28542
191,200,128,95.680,0.2763,28742
192,143,64,95.680,0.2727,28885
193,301,128,96.640,0.2651,29186
194,193,64,96.640,0.2602,29379
195,202,64,96.000,0.2551,29581
196,116,64,96.000,0.2522,29697
197,156,64,95.360,0.2483,29853
198,166,64,95.680,0.2441,30019
199,208,128,96.320,0.2389,30227
200,125,64,95.680,0.2357,30352
201,190,64,95.040,0.2309,30542
202,301,128,95.040,0.2234,30843
203,245,128,95.680,0.2172,31088
204,298,128,96.640,0.2097,31386
205,95,64,96.640,0.2073,31481
206,532,256,96.640,0.1939,32013
207,100,64,94.720,0.1914,32113
208,312,256,96.960,0.1835,32425
209,93,32,96.640,0.1812,32518
210,263,64,96.000,0.1746,32781
211,278,64,95.360,0.1676,33059
212,345,128,95.360,0.1589,33404
213,140,32,95.040,0.1554,33544
214,215,64,94.400,0.1499,33759
215,222,64,94.400,0.1444,33981
216,371,128,94.400,0.1350,34352
217,403,128,94.400,0.1249,34755
218,342,128,95.040,0.1163,35097
219,645,128,96.000,0.1000,35742
220,345,64,94.080,0.0913,36087
221,195,64,93.440,0.0864,36282
222,129,64,92.800,0.0832,36411
223,137,64,92.160,0.0797,36548
224,191,32,91.840,0.0749,36739
225,105,32,91.520,0.0723,36844
226,462,128,91.520,0.0606,37306
227,114,32,91.200,0.0578,37420
228,909,256,93.440,0.0500,38329
229,126,32,93.120,0.0500,38455
230,354,64,93.120,0.0500,38809
231,662,128,93.120,0.0500,39471
232,282,32,92.800,0.0500,39753
233,552,32,91.840,0.0500,40305
234,276,32,90.880,0.0500,40581
235,442,128,90.880,0.0500,41023
236,336,64,90.240,0.0500,41359
237,545,64,90.240,0.0500,41904
238,548,128,90.240,0.0500,42452
239,309,64,89.600,0.0500,42761
240,468,32,89.280,0.0500,43229
241,533,64,88.640,0.0500,43762
242,199,32,88.320,0.0500,43961
243,256,32,88.000,0.0500,44217
244,571,64,88.320,0.0500,44788
245,589,128,88.960,0.0500,45377
246,250,64,88.960,0.0500,45627
247,985,128,88.960,0.0500,46612
248,271,32,88.000,0.0500,46883
249,666,64,87.360,0.0500,47549
250,304,32,86.400,0.0500,47853
251,568,128,85.120,0.0500,48421
252,598,64,85.120,0.0500,49019
253,619,128,85.760,0.0500,49638
254,142,64,85.760,0.0500,49780
255,294,64,85.760,0.0500,50074
256,317,32,85.760,0.0500,50391
257,911,128,86.400,0.0500,51302
258,380,64,86.400,0.0500,51682
259,1050,128,87.360,0.0500,52732
260,575,64,87.680,0.0500,53307
261,243,64,87.680,0.0500,53550
262,608,128,87.680,0.0500,54158
263,1343,128,87.680,0.0500,55501
264,249,64,87.040,0.0500,55750
265,108,32,86.080,0.0500,55858
266,483,64,85.440,0.0500,56341
267,184,32,85.440,0.0500,56525
268,981,128,86.400,0.0500,57506
269,1143,128,87.040,0.0500,58649
270,505,32,86.080,0.0500,59154
271,489,64,85.440,0.0500,59643
272,460,8,84.880,0.0500,60103
273,653,64,84.880,0.0500,60756
274,394,64,84.880,0.0500,61150
275,455,64,84.880,0.0500,61605
276,582,128,85.520,0.0500,62187
277,346,64,84.880,0.0500,62533
278,836,64,84.240,0.0500,63369
279,651,64,84.240,0.0500,64020
280,711,128,82.960,0.0500,64731
281,985,128,83.600,0.0500,65716
282,367,16,83.440,0.0500,66083
283,716,128,84.080,0.0500,66799
284,1045,128,84.080,0.0500,67844
285,532,64,84.080,0.0500,68376
286,629,128,84.080,0.0500,69005
287,611,64,83.440,0.0500,69616
288,944,128,83.440,0.0500,70560
289,926,128,84.080,0.0500,71486
290,351,64,84.080,0.0500,71837
291,449,64,83.440,0.0500,72286
292,1238,128,84.080,0.0500,73524
293,432,64,83.440,0.0500,73956
294,649,128,84.080,0.0500,74605
295,527,64,84.080,0.0500,75132
296,355,64,84.080,0.0500,75487
297,146,64,84.080,0.0500,75633
298,672,128,84.720,0.0500,76305
299,542,64,84.080,0.0500,76847
300,655,64,84.080,0.0500,77502
301,223,64,84.080,0.0500,77725
302,212,128,84.080,0.0500,77937
303,371,64,83.440,0.0500,78308
304,720,128,83.440,0.0500,79028
305,322,64,83.440,0.0500,79350
306,966,128,82.160,0.0500,80316
307,657,128,82.800,0.0500,80973
308,273,32,80.560,0.0500,81246
309,379,64,80.880,0.0500,81625
310,55,16,80.400,0.0500,81680
311,722,256,82.320,0.0500,82402
312,344,64,81.680,0.0500,82746
313,819,128,82.640,0.0500,83565
314,1084,128,83.280,0.0500,84649
315,234,64,83.280,0.0500,84883
316,402,128,83.280,0.0500,85285
317,474,128,83.280,0.0500,85759
318,848,256,84.560,0.0500,86607
319,425,64,83.920,0.0500,87032
320,462,128,84.560,0.0500,87494
321,238,32,84.240,0.0500,87732
322,515,128,84.880,0.0500,88247
323,580,128,85.520,0.0500,88827
324,171,32,85.520,0.0500,88998
325,160,64,85.840,0.0500,89158
326,715,256,87.120,0.0500,89873
327,93,64,87.440,0.0500,89966
328,139,128,86.160,0.0500,90105
329,105,64,86.480,0.0500,90210
330,408,128,87.120,0.0500,90618
331,679,128,87.120,0.0500,91297
332,628,128,88.080,0.0500,91925
333,183,128,89.040,0.0500,92108
334,126,64,89.360,0.0500,92234
335,110,64,88.720,0.0500,92344
336,653,64,88.720,0.0500,92997
337,429,64,88.720,0.0500,93426
338,156,64,88.080,0.0500,93582
339,584,64,88.080,0.0500,94166
340,100,128,89.040,0.0500,94266
341,214,64,89.040,0.0500,94480
342,217,128,90.000,0.0500,94697
343,208,128,90.960,0.0500,94905
344,330,64,90.960,0.0500,95235
345,141,32,90.000,0.0500,95376
346,176,64,90.000,0.0500,95552
347,189,64,89.360,0.0500,95741
348,149,64,89.680,0.0500,95890
349,220,32,89.360,0.0500,96110
350,635,256,91.600,0.0500,96745
351,298,128,91.600,0.0500,97043
352,68,32,91.280,0.0500,97111
353,233,128,91.280,0.0500,97344
354,120,64,91.280,0.0500,97464
355,144,64,91.280,0.0500,97608
356,177,32,91.280,0.0500,97785
357,61,64,90.640,0.0500,97846
358,658,128,91.280,0.0500,98504
359,149,64,90.640,0.0500,98653
360,174,64,90.640,0.0500,98827
361,562,128,91.280,0.0500,99389
362,129,64,90.640,0.0500,99518
363,148,128,90.640,0.0500,99666
364,256,128,91.280,0.0500,99922
365,114,64,91.600,0.0500,100036
366,195,64,91.600,0.0500,100231
367,164,64,91.920,0.0500,100395
368,98,64,91.280,0.0500,100493
369,233,64,90.640,0.0500,100726
370,166,64,90.960,0.0500,100892
371,64,32,90.640,0.0500,100956
372,67,32,90.880,0.0500,101023
373,84,64,90.880,0.0500,101107
374,70,32,90.560,0.0500,101177
375,100,32,90.240,0.0500,101277
376,205,128,90.240,0.0500,101482
377,176,64,90.240,0.0500,101658
378,215,64,90.240,0.0500,101873
379,63,32,89.920,0.0500,101936
380,129,128,89.920,0.0500,102065
381,254,64,89.280,0.0500,102319
382,228,128,90.400,0.0500,102547
383,456,128,90.400,0.0500,103003
384,132,64,89.760,0.0500,103135
385,163,64,89.760,0.0500,103298
386,128,128,89.760,0.0500,103426
387,222,128,90.400,0.0500,103648
388,665,64,89.760,0.0500,104313
389,142,64,89.120,0.0500,104455
390,104,64,89.120,0.0500,104559
391,105,64,89.120,0.0500,104664
392,721,256,90.400,0.0500,105385
393,55,32,90.080,0.0500,105440
394,175,64,89.440,0.0500,105615
395,205,128,90.080,0.0500,105820
396,144,128,90.720,0.0500,105964
397,148,64,90.720,0.0500,106112
398,290,128,90.720,0.0500,106402
399,219,64,90.720,0.0500,106621
400,105,64,90.720,0.0500,106726
401,82,64,90.720,0.0500,106808
402,353,256,92.000,0.0500,107161
403,154,128,92.640,0.0500,107315
404,107,64,92.000,0.0500,107422
405,64,32,91.680,0.0500,107486
406,65,32,90.720,0.0500,107551
407,171,64,90.080,0.0500,107722
408,351,128,91.040,0.0500,108073
409,81,32,90.720,0.0500,108154
410,146,64,91.200,0.0500,108300
411,487,128,89.920,0.0500,108787
412,96,64,89.920,0.0500,108883
413,129,64,89.280,0.0500,109012
414,288,64,88.640,0.0500,109300
415,75,32,88.320,0.0500,109375
416,382,128,88.320,0.0500,109757
417,180,64,87.680,0.0500,109937
418,177,128,86.400,0.0500,110114
419,67,32,86.080,0.0500,110181
420,202,64,85.440,0.0500,110383
421,152,64,85.760,0.0500,110535
422,54,32,84.800,0.0500,110589
423,215,64,84.160,0.0500,110804
424,125,64,84.480,0.0500,110929
425,219,64,84.480,0.0500,111148
426,361,128,83.200,0.0500,111509
427,210,128,83.840,0.0500,111719
428,147,64,83.200,0.0500,111866
429,115,64,83.200,0.0500,111981
430,432,256,84.480,0.0500,112413
431,85,64,83.840,0.0500,112498
432,151,128,83.840,0.0500,112649
433,411,128,83.840,0.0500,113060
434,251,128,84.480,0.0500,113311
435,94,64,84.480,0.0500,113405
436,51,32,84.160,0.0500,113456
437,353,128,84.800,0.0500,113809
438,106,64,84.800,0.0500,113915
439,61,64,84.800,0.0500,113976
440,161,64,84.160,0.0500,114137
441,535,128,84.800,0.0500,114672
442,96,64,84.160,0.0500,114768
443,156,128,84.160,0.0500,114924
444,164,64,84.160,0.0500,115088
445,56,32,84.160,0.0500,115144
446,137,128,84.800,0.0500,115281
447,97,64,84.800,0.0500,115378
448,337,64,84.800,0.0500,115715
449,114,128,85.760,0.0500,115829
450,254,128,84.480,0.0500,116083
451,153,128,84.480,0.0500,116236
452,211,128,85.440,0.0500,116447
453,166,32,84.480,0.0500,116613
454,110,64,84.480,0.0500,116723
455,93,64,84.480,0.0500,116816
456,81,32,84.480,0.0500,116897
457,283,64,84.480,0.0500,117180
458,267,128,84.480,0.0500,117447
459,96,64,84.480,0.0500,117543
460,194,64,84.480,0.0500,117737
461,56,32,83.520,0.0500,117793
462,123,32,83.200,0.0500,117916
463,101,64,82.560,0.0500,118017
464,80,32,81.600,0.0500,118097
465,293,64,81.600,0.0500,118390
466,227,64,81.600,0.0500,118617
467,168,64,81.600,0.0500,118785
468,95,64,81.600,0.0500,118880
469,226,128,82.240,0.0500,119106
470,117,64,82.240,0.0500,119223
471,93,32,82.240,0.0500,119316
472,114,128,83.200,0.0500,119430
473,179,128,83.840,0.0500,119609
474,121,64,84.160,0.0500,119730
475,128,128,85.120,0.0500,119858
476,133,64,84.480,0.0500,119991
477,311,128,85.120,0.0500,120302
478,107,64,85.120,0.0500,120409
479,602,128,86.080,0.0500,121011
480,369,128,86.080,0.0500,121380
481,76,64,86.080,0.0500,121456
482,183,128,86.080,0.0500,121639
483,62,32,85.120,0.0500,121701
484,116,64,85.120,0.0500,121817
485,79,64,85.120,0.0500,121896
486,283,64,84.480,0.0500,122179
487,201,128,84.480,0.0500,122380
488,220,128,85.120,0.0500,122600
489,130,128,85.760,0.0500,122730
490,112,128,86.400,0.0500,122842
491,446,64,86.400,0.0500,123288
492,329,128,85.120,0.0500,123617
493,57,32,85.120,0.0500,123674
494,75,64,85.120,0.0500,123749
495,222,64,84.480,0.0500,123971
496,88,64,83.840,0.0500,124059
497,180,64,83.840,0.0500,124239
498,327,128,83.840,0.0500,124566
499,187,128,84.480,0.0500,124753
500,197,128,85.120,0.0500,124950
