episode,step,max_tile,avg_max_tile,epsilon,buffer_size
1,197,128,128.000,0.9950,197
2,96,64,96.000,0.9926,293
3,88,64,85.333,0.9903,381
4,112,64,80.000,0.9875,493
5,165,128,89.600,0.9833,658
6,193,128,96.000,0.9784,851
7,101,64,91.429,0.9758,952
8,208,256,112.000,0.9706,1160
9,76,64,106.667,0.9686,1236
10,257,256,121.600,0.9621,1493
11,169,128,122.182,0.9578,1662
12,152,128,122.667,0.9540,1814
13,85,64,118.154,0.9518,1899
14,146,128,118.857,0.9481,2045
15,111,64,115.200,0.9453,2156
16,98,64,112.000,0.9428,2254
17,136,128,112.941,0.9393,2390
18,176,128,113.778,0.9349,2566
19,147,128,114.526,0.9312,2713
20,101,32,110.400,0.9286,2814
21,121,64,108.190,0.9255,2935
22,134,128,109.091,0.9221,3069
23,135,64,107.130,0.9187,3204
24,160,128,108.000,0.9146,3364
25,86,64,106.240,0.9125,3450
26,146,64,104.615,0.9087,3596
27,229,128,105.481,0.9029,3825
28,211,128,106.286,0.8976,4036
29,121,128,107.034,0.8945,4157
30,136,64,105.600,0.8911,4293
31,103,64,104.258,0.8884,4396
32,122,128,105.000,0.8853,4518
33,96,64,103.758,0.8829,4614
34,92,32,101.647,0.8806,4706
35,130,64,100.571,0.8773,4836
36,72,32,98.667,0.8755,4908
37,104,64,97.730,0.8728,5012
38,96,64,96.842,0.8704,5108
39,179,128,97.641,0.8658,5287
40,159,128,98.400,0.8618,5446
41,88,64,97.561,0.8596,5534
42,219,128,98.286,0.8540,5753
43,57,32,96.744,0.8526,5810
44,151,128,97.455,0.8487,5961
45,91,64,96.711,0.8464,6052
46,135,128,97.391,0.8430,6187
47,67,32,96.000,0.8413,6254
48,179,128,96.667,0.8368,6433
49,214,128,97.306,0.8313,6647
50,143,64,96.640,0.8277,6790
51,233,256,99.765,0.8218,7023
52,158,128,100.308,0.8178,7181
53,211,256,103.245,0.8124,7392
54,152,128,103.704,0.8086,7544
55,105,64,102.982,0.8059,7649
56,84,32,101.714,0.8038,7733
57,101,64,101.053,0.8012,7834
58,226,256,103.724,0.7955,8060
59,146,128,104.136,0.7918,8206
60,94,64,103.467,0.7894,8300
61,49,16,102.033,0.7881,8349
62,211,256,104.516,0.7828,8560
63,135,64,103.873,0.7793,8695
64,90,64,103.250,0.7771,8785
65,87,64,102.646,0.7749,8872
66,86,64,102.061,0.7727,8958
67,105,64,101.493,0.7700,9063
68,152,128,101.882,0.7662,9215
69,181,128,102.261,0.7616,9396
70,134,128,102.629,0.7582,9530
71,62,32,101.634,0.7566,9592
72,165,128,102.000,0.7524,9757
73,99,64,101.479,0.7499,9856
74,92,64,100.973,0.7476,9948
75,117,64,100.480,0.7446,10065
76,95,64,100.000,0.7422,10160
77,118,64,99.532,0.7392,10278
78,76,64,99.077,0.7372,10354
79,152,128,99.443,0.7334,10506
80,121,64,99.000,0.7303,10627
81,134,128,99.358,0.7269,10761
82,171,128,99.707,0.7226,10932
83,102,64,99.277,0.7200,11034
84,164,128,99.619,0.7158,11198
85,136,64,99.200,0.7124,11334
86,138,128,99.535,0.7089,11472
87,273,256,101.333,0.7020,11745
88,100,64,100.909,0.6994,11845
89,101,64,100.494,0.6968,11946
90,104,64,100.089,0.6942,12050
91,131,128,100.396,0.6909,12181
92,79,32,99.652,0.6889,12260
93,133,128,99.957,0.6855,12393
94,98,64,99.574,0.6830,12491
95,94,64,99.200,0.6806,12585
96,163,128,99.500,0.6765,12748
97,98,64,99.134,0.6740,12846
98,108,64,98.776,0.6713,12954
99,151,128,99.071,0.6674,13105
100,164,128,99.360,0.6633,13269
101,120,64,98.720,0.6602,13389
102,130,64,98.720,0.6569,13519
103,155,128,99.360,0.6530,13674
104,171,128,100.000,0.6487,13845
105,60,32,99.040,0.6471,13905
106,92,64,98.400,0.6448,13997
107,118,64,98.400,0.6418,14115
108,136,128,97.120,0.6384,14251
109,172,128,97.760,0.6340,14423
110,100,64,95.840,0.6315,14523
111,99,64,95.200,0.6289,14622
112,187,128,95.200,0.6242,14809
113,169,128,95.840,0.6199,14978
114,118,64,95.200,0.6169,15096
115,128,64,95.200,0.6137,15224
116,92,64,95.200,0.6113,15316
117,201,128,95.200,0.6062,15517
118,91,64,94.560,0.6039,15608
119,94,64,93.920,0.6015,15702
120,161,128,94.880,0.5974,15863
121,100,64,94.880,0.5949,15963
122,158,128,94.880,0.5909,16121
123,138,128,95.520,0.5874,16259
124,144,128,95.520,0.5837,16403
125,177,128,96.160,0.5793,16580
126,115,64,96.160,0.5763,16695
127,78,64,95.520,0.5744,16773
128,140,128,95.520,0.5708,16913
129,217,256,96.800,0.5653,17130
130,146,128,97.440,0.5616,17276
131,197,128,98.080,0.5566,17473
132,130,64,97.440,0.5533,17603
133,171,128,98.080,0.5490,17774
134,127,128,99.040,0.5457,17901
135,153,128,99.680,0.5418,18054
136,159,128,100.640,0.5378,18213
137,177,256,102.560,0.5333,18390
138,120,64,102.560,0.5303,18510
139,151,128,102.560,0.5264,18661
140,76,64,101.920,0.5245,18737
141,143,128,102.560,0.5209,18880
142,351,256,103.840,0.5120,19231
143,98,64,104.160,0.5095,19329
144,155,128,104.160,0.5056,19484
145,76,64,104.160,0.5036,19560
146,70,32,103.200,0.5019,19630
147,125,128,104.160,0.4987,19755
148,97,64,103.520,0.4962,19852
149,62,64,102.880,0.4946,19914
150,177,128,103.520,0.4902,20091
151,152,128,102.240,0.4863,20243
152,245,256,103.520,0.4801,20488
153,218,128,102.240,0.4745,20706
154,168,128,102.240,0.4703,20874
155,154,128,102.880,0.4664,21028
156,188,128,103.840,0.4616,21216
157,191,128,104.480,0.4568,21407
158,94,32,102.240,0.4544,21501
159,152,128,102.240,0.4505,21653
160,161,128,102.880,0.4464,21814
161,131,128,104.000,0.4431,21945
162,189,128,102.720,0.4383,22134
163,156,128,103.360,0.4344,22290
164,142,128,104.000,0.4307,22432
165,102,64,104.000,0.4282,22534
166,102,64,104.000,0.4256,22636
167,116,64,104.000,0.4226,22752
168,131,128,104.000,0.4193,22883
169,122,128,104.000,0.4162,23005
170,115,64,103.360,0.4133,23120
171,155,128,104.320,0.4094,23275
172,88,64,103.680,0.4071,23363
173,107,64,103.680,0.4044,23470
174,81,64,103.680,0.4024,23551
175,87,64,103.680,0.4001,23638
176,262,256,105.600,0.3935,23900
177,112,128,106.240,0.3907,24012
178,235,256,108.160,0.3847,24247
179,138,128,108.160,0.3812,24385
180,105,128,108.800,0.3785,24490
181,135,64,108.160,0.3751,24625
182,197,256,109.440,0.3701,24822
183,111,64,109.440,0.3673,24933
184,103,64,108.800,0.3647,25036
185,246,256,110.720,0.3584,25282
186,254,256,112.000,0.3520,25536
187,245,128,110.720,0.3458,25781
188,126,128,111.360,0.3426,25907
189,175,128,112.000,0.3381,26082
190,97,64,112.000,0.3357,26179
191,145,128,112.000,0.3320,26324
192,101,64,112.320,0.3294,26425
193,98,64,111.680,0.3269,26523
194,159,128,112.320,0.3229,26682
195,179,128,112.960,0.3184,26861
196,128,128,112.960,0.3151,26989
197,109,128,113.600,0.3123,27098
198,181,128,114.240,0.3077,27279
199,95,64,113.600,0.3053,27374
200,133,128,113.600,0.3020,27507
201,244,128,114.240,0.2958,27751
202,216,256,116.160,0.2903,27967
203,140,128,116.160,0.2867,28107
204,154,128,116.160,0.2828,28261
205,163,128,117.120,0.2787,28424
206,136,128,117.760,0.2752,28560
207,112,64,117.760,0.2724,28672
208,225,128,117.760,0.2667,28897
209,81,32,116.800,0.2646,28978
210,171,128,117.440,0.2603,29149
211,90,64,117.440,0.2580,29239
212,151,128,117.440,0.2542,29390
213,114,64,116.800,0.2513,29504
214,129,128,117.440,0.2480,29633
215,140,128,118.080,0.2445,29773
216,142,128,118.720,0.2409,29915
217,217,256,120.000,0.2353,30132
218,203,256,121.920,0.2302,30335
219,245,128,122.560,0.2240,30580
220,142,128,122.560,0.2204,30722
221,291,256,124.480,0.2130,31013
222,129,128,124.480,0.2097,31142
223,245,256,125.760,0.2035,31387
224,200,128,125.760,0.1984,31587
225,178,128,125.760,0.1939,31765
226,96,64,125.760,0.1915,31861
227,145,128,126.400,0.1878,32006
228,113,64,125.760,0.1849,32119
229,133,128,124.480,0.1815,32252
230,197,128,124.480,0.1766,32449
231,123,128,124.480,0.1734,32572
232,110,64,124.480,0.1706,32682
233,239,256,125.760,0.1646,32921
234,272,256,127.040,0.1577,33193
235,113,64,126.400,0.1548,33306
236,206,128,126.400,0.1496,33512
237,187,64,124.480,0.1448,33699
238,203,128,125.120,0.1397,33902
239,201,128,125.120,0.1346,34103
240,362,256,127.040,0.1254,34465
241,148,128,127.040,0.1216,34613
242,292,256,127.040,0.1142,34905
243,309,128,127.680,0.1064,35214
244,359,128,127.680,0.0973,35573
245,469,512,132.160,0.0854,36042
246,911,256,134.400,0.0623,36953
247,167,128,134.400,0.0580,37120
248,175,256,136.320,0.0536,37295
249,625,128,136.960,0.0500,37920
250,419,128,136.960,0.0500,38339
251,164,64,136.320,0.0500,38503
252,176,128,135.040,0.0500,38679
253,112,128,135.040,0.0500,38791
254,377,256,136.320,0.0500,39168
255,296,64,135.680,0.0500,39464
256,428,256,136.960,0.0500,39892
257,124,128,136.960,0.0500,40016
258,493,256,139.200,0.0500,40509
259,327,256,140.480,0.0500,40836
260,217,128,140.480,0.0500,41053
261,101,64,139.840,0.0500,41154
262,103,64,139.200,0.0500,41257
263,397,128,139.200,0.0500,41654
264,141,128,139.200,0.0500,41795
265,598,256,141.120,0.0500,42393
266,92,64,141.120,0.0500,42485
267,267,128,141.760,0.0500,42752
268,196,128,141.760,0.0500,42948
269,147,128,141.760,0.0500,43095
270,122,128,142.400,0.0500,43217
271,229,128,142.400,0.0500,43446
272,572,256,144.320,0.0500,44018
273,220,128,144.960,0.0500,44238
274,157,128,145.600,0.0500,44395
275,136,128,146.240,0.0500,44531
276,119,64,144.320,0.0500,44650
277,84,64,143.680,0.0500,44734
278,299,256,143.680,0.0500,45033
279,613,256,144.960,0.0500,45646
280,100,64,144.320,0.0500,45746
281,212,128,144.960,0.0500,45958
282,390,256,144.960,0.0500,46348
283,225,128,145.600,0.0500,46573
284,174,128,146.240,0.0500,46747
285,581,256,146.240,0.0500,47328
286,396,128,144.960,0.0500,47724
287,181,64,144.320,0.0500,47905
288,580,256,145.600,0.0500,48485
289,411,128,145.600,0.0500,48896
290,275,128,146.240,0.0500,49171
291,289,256,147.520,0.0500,49460
292,153,128,148.160,0.0500,49613
293,149,128,148.800,0.0500,49762
294,336,256,150.080,0.0500,50098
295,233,128,150.080,0.0500,50331
296,303,128,150.080,0.0500,50634
297,181,128,150.080,0.0500,50815
298,233,64,149.440,0.0500,51048
299,250,128,150.080,0.0500,51298
300,213,128,150.080,0.0500,51511
301,103,128,150.080,0.0500,51614
302,118,64,148.160,0.0500,51732
303,195,128,148.160,0.0500,51927
304,143,64,147.520,0.0500,52070
305,134,128,147.520,0.0500,52204
306,75,64,146.880,0.0500,52279
307,159,128,147.520,0.0500,52438
308,137,128,147.520,0.0500,52575
309,373,64,147.840,0.0500,52948
310,260,64,147.200,0.0500,53208
311,112,128,147.840,0.0500,53320
312,270,128,147.840,0.0500,53590
313,519,256,149.760,0.0500,54109
314,262,256,151.040,0.0500,54371
315,147,128,151.040,0.0500,54518
316,224,128,151.040,0.0500,54742
317,119,64,149.120,0.0500,54861
318,152,128,147.840,0.0500,55013
319,224,128,147.840,0.0500,55237
320,200,128,147.840,0.0500,55437
321,199,128,146.560,0.0500,55636
322,187,128,146.560,0.0500,55823
323,242,128,145.280,0.0500,56065
324,393,128,145.280,0.0500,56458
325,143,128,145.280,0.0500,56601
326,109,64,145.280,0.0500,56710
327,389,256,146.560,0.0500,57099
328,302,256,148.480,0.0500,57401
329,145,64,147.840,0.0500,57546
330,393,256,149.120,0.0500,57939
331,428,256,150.400,0.0500,58367
332,81,64,150.400,0.0500,58448
333,92,64,148.480,0.0500,58540
334,227,64,146.560,0.0500,58767
335,284,64,146.560,0.0500,59051
336,142,128,146.560,0.0500,59193
337,329,256,148.480,0.0500,59522
338,105,64,147.840,0.0500,59627
339,296,128,147.840,0.0500,59923
340,112,64,145.920,0.0500,60035
341,243,128,145.920,0.0500,60278
342,149,128,144.640,0.0500,60427
343,276,128,144.640,0.0500,60703
344,191,128,144.640,0.0500,60894
345,471,256,142.080,0.0500,61365
346,248,128,140.800,0.0500,61613
347,156,128,140.800,0.0500,61769
348,258,128,139.520,0.0500,62027
349,151,128,139.520,0.0500,62178
350,192,128,139.520,0.0500,62370
351,99,64,139.520,0.0500,62469
352,179,128,139.520,0.0500,62648
353,236,256,140.800,0.0500,62884
354,132,128,139.520,0.0500,63016
355,126,128,140.160,0.0500,63142
356,220,128,138.880,0.0500,63362
357,310,256,140.160,0.0500,63672
358,101,128,138.880,0.0500,63773
359,259,128,137.600,0.0500,64032
360,217,128,137.600,0.0500,64249
361,144,128,138.240,0.0500,64393
362,284,256,140.160,0.0500,64677
363,546,256,141.440,0.0500,65223
364,273,128,141.440,0.0500,65496
365,90,64,139.520,0.0500,65586
366,111,64,139.520,0.0500,65697
367,140,128,139.520,0.0500,65837
368,155,128,139.520,0.0500,65992
369,171,128,139.520,0.0500,66163
370,204,256,140.800,0.0500,66367
371,216,128,140.800,0.0500,66583
372,158,128,139.520,0.0500,66741
373,189,128,139.520,0.0500,66930
374,142,64,138.880,0.0500,67072
375,156,128,138.880,0.0500,67228
376,263,256,140.800,0.0500,67491
377,127,128,141.440,0.0500,67618
378,881,256,141.440,0.0500,68499
379,253,128,140.160,0.0500,68752
380,183,128,140.800,0.0500,68935
381,328,128,140.800,0.0500,69263
382,411,128,139.520,0.0500,69674
383,251,256,140.800,0.0500,69925
384,223,128,140.800,0.0500,70148
385,330,128,139.520,0.0500,70478
386,289,256,140.800,0.0500,70767
387,130,128,141.440,0.0500,70897
388,232,256,141.440,0.0500,71129
389,270,256,142.720,0.0500,71399
390,386,128,142.720,0.0500,71785
391,272,256,142.720,0.0500,72057
392,94,64,142.080,0.0500,72151
393,158,64,141.440,0.0500,72309
394,802,512,144.000,0.0500,73111
395,81,64,143.360,0.0500,73192
396,389,256,144.640,0.0500,73581
397,214,128,144.640,0.0500,73795
398,133,64,144.640,0.0500,73928
399,451,256,145.920,0.0500,74379
400,441,256,147.200,0.0500,74820
401,325,128,147.200,0.0500,75145
402,145,128,147.840,0.0500,75290
403,184,128,147.840,0.0500,75474
404,116,64,147.840,0.0500,75590
405,352,256,149.120,0.0500,75942
406,100,64,149.120,0.0500,76042
407,283,128,149.120,0.0500,76325
408,401,128,149.120,0.0500,76726
409,179,128,149.760,0.0500,76905
410,154,128,150.400,0.0500,77059
411,314,128,150.400,0.0500,77373
412,334,64,149.760,0.0500,77707
413,145,128,148.480,0.0500,77852
414,223,128,147.200,0.0500,78075
415,142,128,147.200,0.0500,78217
416,252,256,148.480,0.0500,78469
417,195,128,149.120,0.0500,78664
418,395,256,150.400,0.0500,79059
419,90,64,149.760,0.0500,79149
420,283,256,151.040,0.0500,79432
421,187,128,151.040,0.0500,79619
422,148,128,151.040,0.0500,79767
423,108,64,150.400,0.0500,79875
424,228,256,151.680,0.0500,80103
425,84,64,151.040,0.0500,80187
426,600,256,152.960,0.0500,80787
427,146,128,151.680,0.0500,80933
428,220,128,150.400,0.0500,81153
429,374,256,152.320,0.0500,81527
430,214,128,151.040,0.0500,81741
431,348,256,151.040,0.0500,82089
432,289,256,152.960,0.0500,82378
433,179,128,153.600,0.0500,82557
434,218,128,154.240,0.0500,82775
435,404,256,156.160,0.0500,83179
436,143,128,156.160,0.0500,83322
437,183,128,154.880,0.0500,83505
438,246,256,156.800,0.0500,83751
439,306,256,158.080,0.0500,84057
440,251,256,160.000,0.0500,84308
441,501,256,161.280,0.0500,84809
442,69,32,160.320,0.0500,84878
443,160,128,160.320,0.0500,85038
444,189,128,160.320,0.0500,85227
445,182,128,159.040,0.0500,85409
446,135,128,159.040,0.0500,85544
447,147,64,158.400,0.0500,85691
448,256,128,158.400,0.0500,85947
449,238,128,158.400,0.0500,86185
450,304,256,159.680,0.0500,86489
451,185,256,161.600,0.0500,86674
452,238,256,162.880,0.0500,86912
453,198,128,161.600,0.0500,87110
454,155,128,161.600,0.0500,87265
455,88,64,160.960,0.0500,87353
456,408,128,160.960,0.0500,87761
457,251,128,159.680,0.0500,88012
458,177,128,159.680,0.0500,88189
459,317,256,160.960,0.0500,88506
460,322,64,160.320,0.0500,88828
461,249,256,161.600,0.0500,89077
462,152,128,160.320,0.0500,89229
463,93,64,158.400,0.0500,89322
464,237,128,158.400,0.0500,89559
465,322,256,160.320,0.0500,89881
466,172,128,160.960,0.0500,90053
467,204,256,162.240,0.0500,90257
468,81,64,161.600,0.0500,90338
469,391,256,162.880,0.0500,90729
470,438,256,162.880,0.0500,91167
471,346,256,164.160,0.0500,91513
472,276,256,165.440,0.0500,91789
473,224,256,166.720,0.0500,92013
474,235,128,167.360,0.0500,92248
475,146,128,167.360,0.0500,92394
476,350,128,166.080,0.0500,92744
477,115,128,166.080,0.0500,92859
478,178,64,164.160,0.0500,93037
479,152,128,164.160,0.0500,93189
480,334,256,165.440,0.0500,93523
481,312,256,166.720,0.0500,93835
482,374,256,168.000,0.0500,94209
483,651,256,168.000,0.0500,94860
484,199,128,168.000,0.0500,95059
485,606,512,171.840,0.0500,95665
486,490,256,171.840,0.0500,96155
487,983,256,173.120,0.0500,97138
488,165,128,171.840,0.0500,97303
489,209,128,170.560,0.0500,97512
490,135,128,170.560,0.0500,97647
491,460,256,170.560,0.0500,98107
492,252,128,171.200,0.0500,98359
493,307,256,173.120,0.0500,98666
494,692,256,170.560,0.0500,99358
495,367,128,171.200,0.0500,99725
496,153,128,169.920,0.0500,99878
497,94,64,169.280,0.0500,99972
498,104,64,169.280,0.0500,100076
499,367,256,169.280,0.0500,100443
500,529,256,169.280,0.0500,100972
